0  45 0  42 0  46 0  58 0  64 0  21 0  71 0  3  0  86 0  48 
45 0  82 0  98 0  77 0  22 0  59 0  73 0  9  0  91 0  83 0  
0  82 0  53 0  60 0  69 0  10 0  10 0  27 0  23 0  41 0  94 
42 0  53 0  94 0  26 0  58 0  8  0  16 0  68 0  14 0  91 0  
0  98 0  94 0  82 0  28 0  46 0  3  0  55 0  78 0  26 0  79 
46 0  60 0  82 0  63 0  21 0  25 0  74 0  98 0  25 0  3  0  
0  77 0  26 0  63 0  92 0  98 0  74 0  68 0  2  0  9  0  69 
58 0  69 0  28 0  92 0  17 0  54 0  68 0  49 0  20 0  46 0  
0  22 0  58 0  21 0  17 0  48 0  66 0  46 0  13 0  73 0  84 
64 0  10 0  46 0  98 0  48 0  6  0  52 0  71 0  4  0  79 0  
0  59 0  8  0  25 0  54 0  6  0  34 0  75 0  70 0  5  0  37 
21 0  10 0  3  0  74 0  66 0  34 0  89 0  81 0  90 0  18 0  
0  73 0  16 0  74 0  68 0  52 0  89 0  65 0  10 0  86 0  15 
71 0  27 0  55 0  68 0  46 0  75 0  65 0  79 0  54 0  33 0  
0  9  0  68 0  98 0  49 0  71 0  81 0  79 0  64 0  98 0  41 
3  0  23 0  78 0  2  0  13 0  70 0  10 0  64 0  13 0  29 0  
0  91 0  14 0  25 0  20 0  4  0  90 0  54 0  13 0  93 0  15 
86 0  41 0  26 0  9  0  73 0  5  0  86 0  98 0  93 0  75 0  
0  83 0  91 0  3  0  46 0  79 0  18 0  33 0  29 0  75 0  6  
48 0  94 0  79 0  69 0  84 0  37 0  15 0  41 0  15 0  6  0  